Fan prontos

on = 0000 006D 0000 0018 001B 0047 0017 0047 0047 0017 0047 0017 0017 0047 0017 0047 0047 0017 0047 001B 0017 0047 0017 0047 0047 0017 0047 0017 0047 0017 0017 0047 0047 0017 0017 0047 0017 0047 0017 0047 0047 0017 0047 001B 0047 0017 0017 0047 0047 0017 0017 033E

off = 0000 006D 0018 0000 001B 0047 0017 0047 0047 0017 0047 0017 0017 0047 0017 0047 0047 0017 0047 0017 0047 0017 0047 0017 0017 0047 0047 0017 0017 0047 0017 0047 0047 0017 0017 0047 0047 001B 0047 001B 0017 0047 0047 0017 0017 0047 0017 0047 0047 0017 0017 0478

OCSL = 0000 006D 0018 0000 001B 0047 0017 0047 0047 0017 0047 0017 0017 0047 0017 0047 0047 001B 0047 0017 0047 0017 0047 0017 0017 0047 0017 0047 0017 0047 0047 0017 0017 0047 0047 0017 0047 0017 0047 001B 0017 0047 0017 0047 0017 0047 0047 0017 0017 0047 0047 0478

rythm = 0000 006D 0018 0000 001B 0047 0017 0047 0047 0017 0047 0017 0017 0047 0017 0047 0047 0017 0047 001B 0017 0047 0047 0017 0017 0047 0047 0017 0047 001B 0017 0047 0017 0047 0017 0047 0017 0047 0047 0017 0017 0047 0047 001B 0047 0017 0017 0047 0017 0047 0017 0478

timer = 0000 006D 0018 0000 0017 0047 0017 0047 0047 0017 0047 0017 0017 0047 0017 0047 0047 001B 0047 0017 0017 0047 0047 0017 0047 0017 0017 0047 0017 0047 0017 0047 0047 0017 0017 0047 0017 0047 0047 0017 0047 0017 0017 0047 0017 0047 0017 0047 0047 0017 0017 0478


dialolg-

1
4FF00FF
83820799

0000 006D 0022 0000 0156 00AB 0015 0015 0015 0015 0015 0015 0015 0015 0015 0015 0015 0040 0015 0015 0015 0015 0015 0040 0015 0040 0015 0040 0015 0040 0015 0040 0015 0040 0015 0040 0015 0040 0015 0015 0015 0015 0015 0015 0015 0015 0015 0015 0015 0015 0015 0015 0015 0015 0015 0040 0015 0040 0015 0040 0015 0040 0015 0040 0015 0040 0015 0040 0015 0040 0015 0478

2
4FF807F
83853439

0000 006D 0022 0000 0156 00AB 0015 0015 0015 0015 0015 0015 0015 0015 0015 0015 0015 0040 0015 0015 0015 0015 0015 0040 0015 0040 0015 0040 0015 0040 0015 0040 0015 0040 0015 0040 0015 0040 0015 0040 0015 0015 0015 0015 0015 0015 0015 0015 0015 0015 0015 0015 0015 0015 0015 0015 0015 0040 0015 0040 0015 0040 0015 0040 0015 0040 0015 0040 0015 0040 0015 0478

3
4FF40BF
83837119

0000 006D 0022 0000 0156 00AB 0015 0015 0015 0015 0015 0015 0015 0015 0015 0015 0015 0040 0015 0015 0015 0015 0015 0040 0015 0040 0015 0040 0015 0040 0015 0040 0015 0040 0015 0040 0015 0040 0015 0015 0015 0040 0015 0015 0015 0015 0015 0015 0015 0015 0015 0015 0015 0015 0015 0040 0015 0015 0015 0040 0015 0040 0015 0040 0015 0040 0015 0040 0015 0040 0015 0478

4
4FFC03F
83869759

0000 006D 0022 0000 0156 00AB 0015 0015 0015 0015 0015 0015 0015 0015 0015 0015 0015 0040 0015 0015 0015 0015 0015 0040 0015 0040 0015 0040 0015 0040 0015 0040 0015 0040 0015 0040 0015 0040 0015 0040 0015 0040 0015 0015 0015 0015 0015 0015 0015 0015 0015 0015 0015 0015 0015 0015 0015 0015 0015 0040 0015 0040 0015 0040 0015 0040 0015 0040 0015 0040 0015 0478

5
4FF20DF
83828959

6
4FFA05F
83861599

7
4FF609F
83845279

8
4FFE01F
83877919

9
4FF10EF
83824879



